ISS (ZARYA)             
1 25544U 98067A   20198.19045211 -.00001329  00000-0 -15655-4 0  9996
2 25544  51.6429 204.9221 0001349 120.1413 334.0394 15.49510745236512
KESTREL EYE IIM (KE2M)  
1 42982U 98067NE  20197.56816183  .00012228  00000-0  10153-3 0  9990
2 42982  51.6334 137.7431 0002690 181.6345 178.4644 15.70642085155496
DELLINGR (RBLE)         
1 43021U 98067NJ  20198.18380268  .00011102  00000-0  89912-4 0  9994
2 43021  51.6349 132.9271 0001708 131.5645 228.5499 15.71364660151382
UBAKUSAT                
1 43467U 98067NQ  20197.56646666  .00026017  00000-0  16225-3 0  9993
2 43467  51.6350 136.9069 0001995 112.3004 247.8207 15.76721679124542
CUBERRT                 
1 43546U 98067NU  20197.94912052  .00016584  00000-0  11552-3 0  9994
2 43546  51.6316 134.9996 0002375 173.7011 186.4018 15.74511012114735
TEMPEST-D               
1 43547U 98067NV  20198.18773049  .00004119  00000-0  50566-4 0  9993
2 43547  51.6351 166.7707 0004543 155.6390 204.4820 15.62856031114019
RAINCUBE                
1 43548U 98067NW  20197.56412115  .00027219  00000-0  17835-3 0  9996
2 43548  51.6310 145.1353 0002776 170.4904 189.6148 15.75559859114698
HALOSAT                 
1 43549U 98067NX  20197.58165660  .00022243  00000-0  15311-3 0  9998
2 43549  51.6352 146.0979 0002172 170.2353 189.8689 15.74552518114242
ENDUROSAT ONE           
1 43551U 98067NZ  20198.09069528  .00058814  00000-0  25600-3 0  9999
2 43551  51.6318 129.8205 0002272 160.7339 199.3751 15.84192453114916
EQUISAT                 
1 43552U 98067PA  20197.27346688  .00023822  00000-0  15639-3 0  9996
2 43552  51.6323 145.5665 0002725 179.2903 180.8101 15.75600689114596
RADSAT-G                
1 43553U 98067PB  20198.11962349  .00013255  00000-0  11134-3 0  9994
2 43553  51.6390 150.6875 0003842 181.8619 178.2364 15.70267679114657
1998-067PC              
1 43554U 98067PC  20198.19281301  .00060980  00000-0  22771-3 0  9991
2 43554  51.6283 125.9173 0002287 165.0421 195.0651 15.87350450114511
AEROCUBE 12A            
1 43556U 18046C   20197.39533219  .00000828  00000-0  40582-4 0  9997
2 43556  51.6432 331.2939 0008485  39.9632 320.1972 15.29868203111655
AEROCUBE 12B            
1 43557U 18046D   20197.78808921  .00000989  00000-0  46416-4 0  9996
2 43557  51.6432 330.1531 0008539  40.7773 319.3845 15.29579363111653
LEMUR-2-VU              
1 43558U 18046E   20197.79213086  .00001310  00000-0  54849-4 0  9998
2 43558  51.6431 325.7890 0007749  45.7460 314.4156 15.31183455111759
LEMUR-2-ALEXANDER       
1 43559U 18046F   20197.62300648  .00001874  00000-0  72973-4 0  9995
2 43559  51.6430 326.1739 0007710  45.2219 314.9388 15.31328127111514
LEMUR-2-YUASA           
1 43560U 18046G   20197.74733373  .00001634  00000-0  65580-4 0  9995
2 43560  51.6432 326.2339 0008078  58.0264 302.1501 15.31117224111740
LEMUR-2-TOMHENDERSON    
1 43561U 18046H   20197.63466739  .00001767  00000-0  70405-4 0  9992
2 43561  51.6432 326.9786 0008201  57.1173 303.0596 15.30890010111284
SIRIUSSAT-1             
1 43595U 98067PG  20198.13236180  .00033148  00000-0  21005-3 0  9990
2 43595  51.6280 143.6332 0001826 126.9719 233.1449 15.76217134109546
SIRIUSSAT-2             
1 43596U 98067PH  20197.87918532  .00032622  00000-0  20798-3 0  9993
2 43596  51.6274 145.7696 0001994 129.5046 230.6131 15.76085933109498
TANUSHA-3               
1 43597U 98067PJ  20197.86069926  .00108633  15471-4  35370-3 0  9997
2 43597  51.6257 129.5522 0002527 118.1070 242.0191 15.90592043109700
1998-067PK              
1 43598U 98067PK  20198.05839475  .00152718  20090-4  41630-3 0  9996
2 43598  51.6253 126.3715 0002579 131.9845 228.1382 15.93828479109767
1998-067PN              
1 43638U 98067PN  20198.20540062  .00008430  00000-0  90983-4 0  9991
2 43638  51.6346 166.1162 0002217 122.9573 237.1635 15.64595771101172
1998-067PP              
1 43639U 98067PP  20197.89129672  .00018797  00000-0  15912-3 0  9991
2 43639  51.6339 158.0087 0003545 131.6932 228.4369 15.69752550101264
STARS-ME                
1 43640U 98067PQ  20197.63003484  .00012160  00000-0  12014-3 0  9995
2 43640  51.6333 165.2283 0004141 126.9653 233.1723 15.66344959101149
ISS DEB (SEDA-AP)       
1 43870U 98067PU  20198.22453951  .00002514  00000-0  39503-4 0  9999
2 43870  51.6367 182.0620 0004269 147.1685 212.9573 15.57999983 89139
CATSAT-2                
1 44029U 98067PV  20197.90946375  .00012124  00000-0  12178-3 0  9993
2 44029  51.6370 171.7274 0002811 181.8139 178.2847 15.65933141 82987
DELPHINI                
1 44030U 98067PW  20197.97185176  .00017783  00000-0  16816-3 0  9995
2 44030  51.6324 169.7653 0002586 174.3061 185.7965 15.67071814 82982
UNITE                   
1 44031U 98067PX  20198.10702275  .00007163  00000-0  87230-4 0  9997
2 44031  51.6359 177.5089 0002465 168.0547 192.0506 15.61726900 82895
CATSAT-1                
1 44033U 98067PZ  20197.97318870  .00011137  00000-0  11232-3 0  9991
2 44033  51.6371 171.4101 0002784 180.6450 179.4542 15.65932978 82905
ISS DEB                 
1 44303U 98067QA  20198.14349362  .00002785  00000-0  48700-4 0  9991
2 44303  51.6396 195.8512 0005950  74.9166 285.2483 15.54489561 64223
ISS DEB                 
1 44304U 98067QB  20197.70230928  .00018509  00000-0  21045-3 0  9993
2 44304  51.6370 187.6462 0005279  55.3899 304.7593 15.62347038 64308
ISS DEB                 
1 44305U 98067QC  20197.67507500  .00023958  00000-0  24119-3 0  9992
2 44305  51.6331 183.5672 0003430  99.4553 260.6830 15.65281481 64358
ISS DEB                 
1 44306U 98067QD  20198.16338723  .00003083  00000-0  53026-4 0  9994
2 44306  51.6382 195.9280 0007184  71.4283 288.7488 15.54552281 64231
RAAVANA-1               
1 44329U 98067QE  20197.41347074  .00007924  00000-0  10892-3 0  9996
2 44329  51.6381 193.9377 0006150 101.4826 258.6858 15.58308010 61360
UGUISU                  
1 44330U 98067QF  20197.68406948  .00008543  00000-0  11727-3 0  9999
2 44330  51.6357 192.7343 0006141 101.4324 258.7358 15.58222605 61381
NEPALISAT-1             
1 44331U 98067QG  20197.27728613  .00007872  00000-0  10819-3 0  9996
2 44331  51.6359 194.5197 0006157 103.2459 256.9220 15.58322157 61333
SPOOQY-1                
1 44332U 98067QH  20197.98789801  .00009104  00000-0  12447-3 0  9990
2 44332  51.6368 191.0157 0005162 107.0554 253.1005 15.58239300 61400
RED-EYE 1 (PINOT)       
1 44364U 98067QJ  20198.07866620  .00002042  00000-0  37870-4 0  9993
2 44364  51.6399 196.9002 0007467  72.1668 288.0137 15.54316233 59799
IOD-1 GEMS              
1 44385U 98067QK  20198.12217935  .00013600  00000-0  16549-3 0  9992
2 44385  51.6380 188.2189 0003098  66.0400 294.0917 15.60858924 58960
SWIATOWID               
1 44426U 98067QL  20198.13609583  .00014324  00000-0  16744-3 0  9994
2 44426  51.6401 187.3397 0003658  56.5787  36.0277 15.61859613 58998
KRAKSAT                 
1 44427U 98067QM  20198.05814017  .00004848  00000-0  74545-4 0  9990
2 44427  51.6427 194.3089 0004006  66.1758  39.6453 15.56261209 58937
VCC A                   
1 44428U 98067QN  20197.28936552  .00007448  00000-0  10531-3 0  9997
2 44428  51.6384 196.1538 0003182  74.8528 285.2816 15.57650993 58849
ENTRYSAT                
1 44429U 98067QP  20197.36877611  .00009018  00000-0  12118-3 0  9995
2 44429  51.6373 194.4040 0003011  65.7205 294.4102 15.58724246 58876
VCC C                   
1 44430U 98067QQ  20198.02499527  .00013376  00000-0  16829-3 0  9992
2 44430  51.6365 189.7953 0002765  78.5579 281.5724 15.59994377 57815
VCC B                   
1 44431U 98067QR  20197.28831178  .00007604  00000-0  10719-3 0  9991
2 44431  51.6374 196.1300 0003298  74.3082 285.8274 15.57696595 58782
ISS DEB                 
1 44788U 98067QT  20197.71173233  .00013209  00000-0  19107-3 0  9993
2 44788  51.6379 200.4351 0005184  92.0150 268.1435 15.56249664 37797
ISS DEB                 
1 44789U 98067QU  20198.13615987  .00011625  00000-0  17084-3 0  9990
2 44789  51.6384 198.7938 0006094  97.2847 262.8837 15.55951435 37843
RWASAT-1                
1 44790U 98067QV  20198.12892505 -.00000479  00000-0  00000+0 0  9996
2 44790  51.6397 200.7366 0008531 119.0724 357.0902 15.53021148 37086
AQT-D                   
1 44791U 98067QW  20198.14533447  .00003725  00000-0  66164-4 0  9990
2 44791  51.6415 201.1003 0007465  94.9697 265.2145 15.52947050 37083
NARSSCUBE-1             
1 44792U 98067QX  20198.06134784  .00006847  00000-0  11139-3 0  9992
2 44792  51.6388 200.5218 0005529 112.2084 247.9494 15.53921817 37085
PROGRESS-MS 13          
1 44833U 19085A   20190.52564231  .00000043  00000-0  89067-5 0  9997
2 44833  51.6443 242.8564 0002824  87.5152  65.9215 15.49184935 33331
STPSAT-4                
1 45043U 98067QY  20197.74172048  .00002381  00000-0  49549-4 0  9997
2 45043  51.6407 206.6258 0006148 109.1132 251.0523 15.50094237 26211
HARP                    
1 45256U 98067QZ  20198.17227569  .00001645  00000-0  35330-4 0  9995
2 45256  51.6411 203.5116 0007738 102.7280 257.4575 15.51284116 22963
1998-067RA              
1 45257U 98067RA  20198.10826992  .00003806  00000-0  71564-4 0  9994
2 45257  51.6403 203.8297 0008478 105.3712 254.8215 15.51225036 22956
PHOENIX                 
1 45258U 98067RB  20197.92563062  .00003269  00000-0  62987-4 0  9992
2 45258  51.6403 204.8538 0006686  86.6759 273.4995 15.51036882 22891
1998-067RC              
1 45259U 98067RC  20197.44677535  .00004894  00000-0  88504-4 0  9999
2 45259  51.6402 206.9114 0007695 100.2189 259.9669 15.51640103 22855
CRYOCUBE                
1 45260U 98067RD  20197.75546979  .00005954  00000-0  10547-3 0  9991
2 45260  51.6399 205.2242 0008466 100.8215 259.3728 15.51775381 22913
AZTECHSAT-1             
1 45261U 98067RE  20197.86656365  .00006830  00000-0  11832-3 0  9997
2 45261  51.6398 204.4662 0008151 101.3836 258.8070 15.52140086 22920
RADSAT-U                
1 45262U 98067RF  20197.33037012  .00003369  00000-0  64116-4 0  9990
2 45262  51.6408 207.6390 0007149 134.5431 225.6143 15.51291803 22848
QARMAN                  
1 45263U 98067RG  20198.10754492  .00005550  00000-0  99996-4 0  9993
2 45263  51.6400 203.8232 0007703  99.4553 260.7308 15.51446317 22984
SORTIE                  
1 45264U 98067RH  20198.14484708  .00001780  00000-0  38358-4 0  9994
2 45264  51.6410 204.0752 0008112 110.3734 249.8128 15.50661662 22951
ICS-EF (ISS DEB)        
1 45265U 98067RJ  20198.01394150  .00001137  00000-0  28085-4 0  9994
2 45265  51.6421 205.4409 0006002 110.8866 249.2766 15.49841448 22609
SOYUZ-MS 16             
1 45476U 20023A   20197.49288900 -.00000889  00000-0 -78023-5 0  9994
2 45476  51.6440 208.3745 0001448 118.1872  42.2493 15.49512479236408
PROGRESS-MS 14          
1 45595U 20026A   20197.49288900 -.00000889  00000-0 -78023-5 0  9999
2 45595  51.6440 208.3745 0001448 118.1872  42.2493 15.49512479236400
G-SAT                   
1 45597U 98067RK  20198.05397441  .00003793  00000-0  72409-4 0  9991
2 45597  51.6425 204.9631 0004626 158.7668 201.3497 15.50796000 12304
QUETZAL-1               
1 45598U 98067RL  20197.42365659  .00004984  00000-0  93401-4 0  9996
2 45598  51.6409 208.2545 0002481 179.4507 180.6485 15.50569492 12137
HTV-9 (KOUNOTORI 9)     
1 45607U 20030A   20197.49288900 -.00000889  00000-0 -78023-5 0  9998
2 45607  51.6440 208.3745 0001448 118.1872  42.2493 15.49512479236404
CREW DRAGON DEMO-2      
1 45623U 20033A   20197.49288900 -.00000889  00000-0 -78023-5 0  9999
2 45623  51.6440 208.3745 0001448 118.1872  42.2493 15.49512479  7082
RED-EYE 2 (MERLOT)      
1 45800U 98067RM  20197.45947521  .00001123  00000-0  27890-4 0  9990
2 45800  51.6425 208.4896 0001536 126.2457 233.8674 15.49705274  4372
RED-EYE 3 (CABERNET)    
1 45809U 98067RN  20198.16966832  .00001087  00000-0  27268-4 0  9992
2 45809  51.6427 204.9826 0001869 122.9420 237.1748 15.49687675  3461
